0.0001 0.0001 0.95652173913 0.678260869565
0.0001 0.01 0.95652173913 0.678260869565
0.0001 0.1 0.930434782609 0.834782608696
0.0001 0.2 0.908695652174 0.865217391304
0.0001 0.3 0.886956521739 0.882608695652
0.0001 0.4 0.873913043478 0.891304347826
0.0001 0.5 0.85652173913 0.891304347826
0.0001 0.6 0.85652173913 0.908695652174
0.0001 0.7 0.847826086957 0.917391304348
0.01 0.0001 0.95652173913 0.673913043478
0.01 0.01 0.95652173913 0.673913043478
0.01 0.1 0.930434782609 0.830434782609
0.01 0.2 0.908695652174 0.860869565217
0.01 0.3 0.886956521739 0.878260869565
0.01 0.4 0.873913043478 0.886956521739
0.01 0.5 0.85652173913 0.891304347826
0.01 0.6 0.85652173913 0.908695652174
0.01 0.7 0.847826086957 0.917391304348
0.1 0.0001 0.947826086957 0.660869565217
0.1 0.01 0.947826086957 0.660869565217
0.1 0.1 0.921739130435 0.817391304348
0.1 0.2 0.9 0.847826086957
0.1 0.3 0.878260869565 0.869565217391
0.1 0.4 0.865217391304 0.878260869565
0.1 0.5 0.847826086957 0.886956521739
0.1 0.6 0.847826086957 0.904347826087
0.1 0.7 0.839130434783 0.913043478261
0.2 0.0001 0.939130434783 0.64347826087
0.2 0.01 0.939130434783 0.64347826087
0.2 0.1 0.908695652174 0.804347826087
0.2 0.2 0.891304347826 0.839130434783
0.2 0.3 0.873913043478 0.865217391304
0.2 0.4 0.860869565217 0.873913043478
0.2 0.5 0.84347826087 0.882608695652
0.2 0.6 0.84347826087 0.9
0.2 0.7 0.834782608696 0.908695652174
0.3 0.0001 0.934782608696 0.630434782609
0.3 0.01 0.934782608696 0.630434782609
0.3 0.1 0.9 0.795652173913
0.3 0.2 0.886956521739 0.834782608696
0.3 0.3 0.869565217391 0.860869565217
0.3 0.4 0.85652173913 0.869565217391
0.3 0.5 0.839130434783 0.878260869565
0.3 0.6 0.839130434783 0.895652173913
0.3 0.7 0.834782608696 0.908695652174
0.4 0.0001 0.930434782609 0.617391304348
0.4 0.01 0.930434782609 0.617391304348
0.4 0.1 0.891304347826 0.786956521739
0.4 0.2 0.878260869565 0.826086956522
0.4 0.3 0.860869565217 0.852173913043
0.4 0.4 0.847826086957 0.860869565217
0.4 0.5 0.830434782609 0.869565217391
0.4 0.6 0.830434782609 0.886956521739
0.4 0.7 0.826086956522 0.9
0.5 0.0001 0.921739130435 0.591304347826
0.5 0.01 0.921739130435 0.591304347826
0.5 0.1 0.878260869565 0.773913043478
0.5 0.2 0.865217391304 0.813043478261
0.5 0.3 0.847826086957 0.839130434783
0.5 0.4 0.834782608696 0.847826086957
0.5 0.5 0.817391304348 0.85652173913
0.5 0.6 0.817391304348 0.873913043478
0.5 0.7 0.813043478261 0.886956521739
