0.0001 0.0001 0.952173913043 0.65652173913
0.0001 0.01 0.952173913043 0.65652173913
0.0001 0.1 0.926086956522 0.795652173913
0.0001 0.2 0.913043478261 0.821739130435
0.0001 0.3 0.904347826087 0.830434782609
0.0001 0.4 0.9 0.85652173913
0.0001 0.5 0.886956521739 0.85652173913
0.0001 0.6 0.886956521739 0.873913043478
0.0001 0.7 0.886956521739 0.891304347826
0.01 0.0001 0.952173913043 0.65652173913
0.01 0.01 0.952173913043 0.65652173913
0.01 0.1 0.926086956522 0.795652173913
0.01 0.2 0.913043478261 0.821739130435
0.01 0.3 0.904347826087 0.830434782609
0.01 0.4 0.9 0.85652173913
0.01 0.5 0.886956521739 0.85652173913
0.01 0.6 0.886956521739 0.873913043478 
0.01 0.7 0.886956521739 0.891304347826
0.1 0.0001 0.94347826087 0.634782608696
0.1 0.01 0.94347826087 0.634782608696
0.1 0.1 0.917391304348 0.778260869565
0.1 0.2 0.904347826087 0.813043478261
0.1 0.3 0.895652173913 0.821739130435
0.1 0.4 0.891304347826 0.847826086957
0.1 0.5 0.878260869565 0.847826086957
0.1 0.6 0.878260869565 0.865217391304
0.1 0.7 0.878260869565 0.882608695652
0.2 0.0001 0.939130434783 0.626086956522
0.2 0.01 0.939130434783 0.626086956522
0.2 0.1 0.913043478261 0.773913043478
0.2 0.2 0.904347826087 0.813043478261
0.2 0.3 0.895652173913 0.821739130435
0.2 0.4 0.891304347826 0.847826086957
0.2 0.5 0.878260869565 0.847826086957
0.2 0.6 0.878260869565 0.865217391304
0.2 0.7 0.878260869565 0.882608695652
0.3 0.0001 0.930434782609 0.613043478261
0.3 0.01 0.930434782609 0.613043478261
0.3 0.1 0.904347826087 0.760869565217
0.3 0.2 0.895652173913 0.8
0.3 0.3 0.886956521739 0.808695652174
0.3 0.4 0.882608695652 0.839130434783
0.3 0.5 0.869565217391 0.839130434783
0.3 0.6 0.869565217391 0.85652173913
0.3 0.7 0.869565217391 0.873913043478
0.4 0.0001 0.921739130435 0.6
0.4 0.01 0.921739130435 0.6
0.4 0.1 0.895652173913 0.747826086957
0.4 0.2 0.882608695652 0.786956521739
0.4 0.3 0.873913043478 0.795652173913
0.4 0.4 0.869565217391 0.826086956522
0.4 0.5 0.85652173913 0.826086956522
0.4 0.6 0.85652173913 0.84347826087
0.4 0.7 0.85652173913 0.860869565217
0.5 0.0001 0.913043478261 0.586956521739
0.5 0.01 0.913043478261 0.586956521739
0.5 0.1 0.886956521739 0.734782608696
0.5 0.2 0.869565217391 0.773913043478
0.5 0.3 0.860869565217 0.782608695652
0.5 0.4 0.85652173913 0.813043478261
0.5 0.5 0.84347826087 0.813043478261
0.5 0.6 0.84347826087 0.830434782609
0.5 0.7 0.84347826087 0.847826086957
